100
844
440
392
651
19
707
762
621
718
730
604
873
335
817
806
943
785
810
487
272
727
1052
312
204
746
721
665
207
931
223
115
774
659
406
286
144
296
463
150
673
90
268
277
750
220
658
680
757
644
832
388
777
602
300
786
808
619
774
267
384
81
306
842
747
141
194
279
204
125
58
620
779
730
1075
200
791
693
864
380
670
701
296
694
580
527
522
817
186
208
728
388
593
859
645
151
788
446
343
406
777
678
457
826
562
593
781
162
113
683
101
532
180
248
104
664
248
630
1114
341
221
595
643
550
422
319
710
209
1063
957
262
470
563
709
716
1140
389
990
553
791
816
747
783
1063
725
335
813
472
209
610
98
262
633
121
108
446
599
635
515
822
822
207
450
967
815
944
727
902
831
269
228
157
234
871
169
538
68
739
676
396
588
285
484
830
412
173
865
997
821
631
470
41
661
844
618
402
605
459
714
374
427
938
396
184
729
686
200
851
519
847
871
847
391
617
153
575
848
927
566
436
401
448
773
259
758
531
475
581
372
655
173
466
608
539
546
905
488
670
645
319
577
237
472
321
359
874
668
682
523
226
671
692
802
405
263
583
502
147
668
453
443
603
270
251
565
487
508
837
742
964
629
646
358
761
69
268
448
292
515
785
94
674
843
615
405
290
160
790
810
249
577
412
445
615
374
728
386
330
888
861
518
576
803
661
227
574
535
782
937
765
676
619
426
899
155
279
855
773
391
463
840
581
488
740
742
118
542
271
631
333
472
298
302
178
124
961
546
865
688
979
729
575
73
654
533
493
679
695
291
900
453
191
317
627
773
808
527
226
656
477
351
339
571
521
526
906
267
709
806
726
645
853
741
435
673
242
808
266
577
271
600
960
584
259
674
826
277
919
409
109
435
633
817
169
328
473
400
230
550
502
581
627
504
233
250
222
875
652
567
579
518
130
76
585
450
390
824
737
217
15
624
396
587
906
419
795
791
648
775
721
329
851
267
121
359
15
612
660
360
267
353
338
355
669
180
384
542
675
475
304
95
723
734
613
460
759
672
229
593
483
607
780
299
91
422
365
219
74
359
172
675
398
554
575
769
718
364
284
672
497
204
734
201
323
620
296
698
744
607
701
712
588
855
320
801
791
924
768
791
470
289
713
1034
300
187
728
702
650
190
912
239
132
755
641
395
270
131
314
446
169
664
85
270
274
735
238
643
660
743
625
816
379
758
583
282
767
789
607
756
248
371
83
295
823
728
154
196
278
187
139
63
601
764
713
1057
208
772
675
846
366
654
682
277
675
568
515
508
801
194
217
714
371
582
841
628
157
770
428
333
387
987
1045
414
501
966
499
425
397
332
649
1050
746
852
948
221
756
405
544
946
833
254
720
766
909
811
735
833
306
782
569
961
414
801
34
618
505
454
1115
875
1026
731
1139
824
379
319
588
557
713
622
628
148
997
682
359
638
888
731
870
847
556
947
738
680
659
600
340
413
746
597
668
908
628
872
998
799
646
696
153
1025
271
403
601
915
1129
783
149
539
973
606
1018
518
365
580
269
633
554
199
691
660
735
786
619
70
355
279
955
818
658
735
657
43
172
753
554
476
907
832
333
154
787
482
721
987
586
896
961
774
918
869
204
943
191
271
235
163
767
821
500
434
464
472
485
838
12
502
704
799
530
407
143
810
870
664
559
879
792
394
753
642
702
913
425
81
545
417
140
202
489
319
845
379
723
728
900
789
254
374
842
634
149
863
31
488
778
452
771
710
98
869
648
886
923
832
238
576
193
755
922
892
708
590
292
385
849
429
712
713
660
545
318
786
342
632
788
632
731
1015
663
838
806
135
761
78
448
136
313
916
807
683
556
370
664
682
902
275
412
707
680
331
630
375
627
775
445
425
747
666
528
888
783
933
806
627
269
749
241
130
399
426
498
893
123
775
881
792
585
106
276
896
819
130
753
273
529
756
465
89
676
155
391
118
154
264
702
338
596
990
202
381
446
514
589
464
162
611
354
941
834
334
488
405
629
582
1015
255
859
401
656
662
594
801
935
728
362
829
485
146
451
174
215
549
208
214
287
641
541
364
686
745
318
498
849
668
854
630
763
698
246
120
13
388
723
257
564
220
679
686
431
493
316
323
796
252
114
719
889
830
571
310
156
666
701
662
301
450
370
614
164
419
181
234
216
624
249
546
1000
292
331
484
529
510
382
247
600
273
950
844
245
414
459
605
602
1027
276
876
486
677
707
638
729
950
661
283
759
413
213
506
87
163
527
120
128
369
561
526
406
708
720
229
416
854
704
838
619
789
718
182
202
94
347
759
168
488
150
643
617
351
479
235
401
747
314
175
753
886
762
534
389
132
599
731
582
290
497
351
771
582
790
829
734
191
480
127
770
833
796
647
541
211
290
761
400
617
724
659
448
221
719
317
592
803
551
727
936
633
798
759
158
766
62
350
177
215
821
744
585
461
325
566
584
820
207
367
638
653
341
534
284
631
740
470
400
727
642
432
794
688
837
775
529
179
651
232
69
303
371
400
815
183
695
785
762
601
163
227
816
721
49
724
212
447
695
388
546
102
168
153
762
349
709
1145
278
257
600
669
648
519
277
758
301
1095
988
362
563
552
768
737
1169
409
1015
495
811
813
744
878
1090
816
429
908
564
123
597
191
328
689
219
209
401
698
685
518
841
883
308
549
1002
822
998
776
918
854
345
159
143
252
877
269
633
165
808
769
492
638
378
445
910
397
96
872
1039
914
699
429
60
753
855
717
446
601
511
484
471
635
710
564
458
606
396
750
79
135
628
549
330
296
659
558
451
534
516
137
358
193
628
143
470
391
266
298
234
740
546
645
470
760
502
497
162
482
331
292
500
519
305
672
258
65
295
462
581
584
473
285
531
314
372
309
364
444
402
766
340
520
579
565
451
629
519
227
462
276
610
192
484
334
526
743
373
286
540
602
312
692
188
117
207
68
253
805
413
713
1089
176
359
529
613
691
563
184
723
389
1041
933
418
595
471
745
677
1112
358
954
393
750
733
665
910
1030
840
464
939
593
32
514
244
330
665
278
274
303
742
655
447
779
861
380
595
952
749
968
743
852
793
358
58
105
352
803
330
669
249
797
797
532
608
416
349
913
317
7
800
996
941
689
332
148
778
786
762
416
524
486
321
855
475
745
1077
117
424
507
604
742
615
147
729
458
1029
922
477
642
439
758
664
1098
359
938
331
734
701
634
955
1015
881
515
984
639
47
480
305
368
678
340
338
252
794
665
426
762
875
445
649
944
722
975
748
831
778
400
34
144
414
775
392
718
317
818
840
583
618
468
300
943
290
75
773
992
984
712
283
216
820
762
815
431
496
503
688
264
696
1211
427
117
699
744
578
455
414
801
168
1160
1055
290
514
667
794
817
1238
492
1090
643
892
920
851
818
1163
770
385
849
519
276
714
171
350
720
176
155
541
623
725
619
923
904
212
477
1063
919
1030
818
1004
932
347
308
257
132
975
205
575
86
814
719
435
679
336
582
892
516
247
969
1090
860
708
567
111
707
947
640
498
709
551
424
298
962
885
724
783
696
114
242
819
578
542
915
847
403
218
840
500
756
994
645
914
1023
804
957
911
145
955
162
340
174
225
837
872
571
501
492
543
555
901
65
532
757
827
532
476
213
821
905
661
581
905
818
461
822
712
768
945
495
142
616
423
123
272
525
389
905
358
784
798
932
793
199
397
903
705
143
895
49
544
827
503
463
1062
541
316
641
633
313
193
492
632
140
1010
912
37
258
648
601
710
1091
433
960
728
782
862
798
554
1025
510
146
585
266
445
692
169
233
539
135
141
607
359
557
576
812
699
54
213
909
840
834
646
897
815
199
447
343
357
893
83
313
193
597
458
177
517
116
631
649
526
406
884
919
598
500
622
290
448
854
377
382
668
404
676
735
774
521
413
272
297
661
280
604
628
552
427
222
595
203
466
709
440
617
821
509
671
631
286
663
190
319
303
208
742
618
534
384
198
521
541
709
291
240
516
531
258
514
307
530
614
396
283
607
521
364
710
609
811
651
494
223
610
145
187
295
243
362
700
201
582
709
638
512
285
101
703
665
160
600
303
337
569
272
993
1319
574
476
948
949
933
430
1189
51
157
1025
880
661
479
412
32
735
146
915
343
453
494
891
75
812
924
890
864
1104
634
1043
866
526
1050
1072
878
966
505
651
317
429
1098
969
153
392
313
417
268
300
881
1050
1003
1343
359
1051
898
1131
539
839
934
545
945
834
638
790
1089
352
169
855
592
850
1130
818
341
976
713
597
666
535
419
531
776
654
74
676
548
947
841
535
668
339
717
583
1012
311
851
216
649
597
532
971
928
890
551
998
662
164
377
376
385
639
410
414
137
828
619
342
675
832
519
690
867
625
920
695
739
693
424
119
199
528
676
460
744
408
789
854
620
575
509
186
927
205
182
675
922
994
687
169
317
831
668
849
402
400
474
816
855
619
507
528
902
182
1267
1163
349
575
785
889
930
1347
606
1201
752
1005
1037
968
861
1272
824
455
892
582
377
831
275
453
817
270
248
655
660
826
736
1036
995
262
522
1169
1035
1125
919
1118
1044
444
416
374
45
1090
282
626
188
900
771
493
781
412
696
964
633
353
1084
1193
908
797
681
226
763
1062
675
606
826
654
141
704
628
361
324
732
529
424
612
593
99
398
168
593
213
432
370
230
224
157
806
509
710
549
824
579
539
101
552
407
341
572
591
307
747
303
82
256
492
657
663
453
221
542
340
323
274
442
484
457
829
276
595
654
633
497
698
598
281
541
268
660
217
530
272
515
805
431
282
600
670
256
766
267
48
283
632
578
465
185
745
427
320
600
529
239
263
76
500
259
347
510
150
261
217
699
421
603
517
714
514
629
240
581
412
219
594
615
436
669
178
193
181
352
660
609
339
216
402
200
265
188
436
577
526
876
264
604
580
667
366
598
552
171
522
402
530
327
613
254
390
692
316
414
657
571
221
687
255
187
233
128
710
539
437
900
821
290
115
752
471
698
981
549
884
921
754
892
841
242
933
216
227
273
126
723
787
456
392
446
429
442
798
52
482
670
779
528
366
100
801
846
664
545
860
773
352
709
599
663
890
382
53
503
414
162
159
466
275
805
394
684
684
878
784
289
360
802
591
164
842
73
452
746
420
591
523
327
898
810
165
76
664
471
650
981
451
867
809
714
832
775
363
924
317
103
393
89
595
702
328
275
425
301
315
686
179
455
583
742
551
247
37
797
794
689
533
826
739
233
583
472
549
842
255
120
378
441
264
34
427
147
697
466
579
556
831
794
405
360
693
463
255
797
199
364
666
350
604
516
886
780
483
601
292
643
521
953
237
793
239
589
554
487
900
870
818
488
927
594
184
333
334
318
565
368
375
127
762
546
281
617
759
477
628
803
575
848
623
684
633
359
129
163
528
628
414
677
380
714
783
557
501
449
168
852
143
187
626
856
922
613
152
303
760
615
783
328
349
399
762
379
287
595
457
420
87
206
461
371
346
686
234
410
385
551
401
457
493
562
441
745
425
629
451
97
632
654
600
566
76
361
252
168
671
545
277
346
245
19
327
241
458
698
624
930
376
627
487
717
192
466
505
122
516
573
353
479
721
363
290
535
181
582
732
439
324
580
312
372
250
1137
1037
177
397
722
737
821
1218
519
1081
754
895
956
889
679
1149
643
286
710
405
418
768
188
332
671
161
146
641
478
686
660
926
838
92
340
1037
942
971
777
1010
931
310
437
353
226
997
140
445
141
737
590
315
644
250
674
789
584
382
989
1052
726
638
661
243
583
962
493
490
752
524
107
973
829
618
429
365
82
685
111
876
298
421
457
849
63
768
872
849
814
1055
593
992
815
475
999
1021
834
918
453
605
273
385
1047
919
101
357
275
366
233
254
829
1002
953
1292
328
999
849
1080
492
794
883
493
893
792
598
743
1040
320
129
815
542
807
1080
771
305
928
662
554
614
875
743
515
349
259
183
578
71
777
194
339
366
794
114
708
777
797
728
948
493
888
712
384
896
917
731
843
357
499
172
329
947
832
49
269
252
277
154
152
727
895
846
1187
251
898
769
975
427
727
792
394
796
689
552
637
933
241
130
765
460
704
973
703
217
855
557
452
512
226
623
564
676
1055
407
924
716
747
832
768
528
989
480
109
559
233
450
667
174
207
501
142
153
594
338
520
550
777
662
87
189
872
808
796
609
863
780
170
447
340
389
861
92
285
213
560
429
145
481
79
616
614
507
411
851
882
570
462
607
303
418
821
357
350
641
370
638
400
598
912
434
803
807
658
787
733
315
857
256
134
345
15
627
674
372
283
360
349
366
684
164
392
556
685
477
312
89
729
745
615
466
768
681
244
608
498
615
791
310
76
433
366
206
81
369
185
691
392
569
589
779
722
351
288
688
509
193
744
185
337
633
309
489
265
678
217
516
271
320
262
195
876
593
782
575
896
626
475
46
536
416
428
561
577
217
799
392
82
344
588
655
700
547
285
641
437
401
363
456
420
414
793
337
591
705
610
586
764
631
364
558
174
747
155
473
335
612
880
511
189
562
737
329
819
301
63
337
293
511
406
414
749
321
498
471
465
461
373
457
475
385
768
499
622
447
79
620
642
654
494
100
423
338
116
645
490
330
433
236
83
409
326
446
725
642
920
463
608
420
708
105
384
458
142
487
631
267
529
742
450
322
448
112
639
736
359
411
506
328
446
258
434
328
277
535
75
206
179
748
353
652
592
761
583
691
252
656
489
267
669
690
476
733
225
240
105
362
737
680
285
149
385
216
189
116
513
638
594
949
193
681
645
742
398
653
625
232
598
437
560
378
677
181
346
737
365
451
728
625
147
750
331
204
308
760
161
928
364
461
506
924
85
845
954
922
896
1126
650
1071
894
557
1078
1100
895
998
535
672
336
462
1128
1001
183
404
345
449
280
320
909
1072
1027
1370
367
1080
930
1158
572
872
965
574
975
851
670
810
1112
361
202
888
624
866
1156
850
354
1008
741
615
695
605
384
403
437
370
701
680
612
359
725
423
377
260
339
200
328
358
377
269
598
309
143
434
522
445
488
594
429
616
390
513
445
238
328
267
623
484
382
505
421
478
585
418
264
341
264
622
143
357
477
637
715
380
264
399
560
455
618
104
235
168
769
204
309
348
864
76
777
829
868
787
967
488
925
752
442
936
957
733
908
412
511
176
400
993
891
115
246
322
338
122
161
771
913
871
1223
216
941
832
1013
496
795
848
445
844
689
624
649
954
208
190
836
523
705
1004
771
195
921
596
453
557
585
475
422
1086
843
997
708
1110
798
378
285
573
534
680
607
614
124
971
648
326
604
854
715
847
813
524
912
704
648
626
577
335
401
745
566
652
881
617
839
970
775
613
674
121
993
241
399
569
881
1099
751
120
532
944
574
993
489
331
549
188
188
785
280
691
660
796
643
762
299
731
563
312
744
765
536
786
272
308
30
367
809
742
228
117
362
238
115
43
586
709
668
1025
142
754
701
817
423
696
690
289
669
495
580
446
750
129
298
769
408
509
803
669
90
802
405
257
378
68
954
378
858
761
967
772
738
220
776
629
472
796
815
465
930
431
300
187
555
879
864
384
74
548
418
188
209
662
683
672
1049
94
818
840
856
603
857
804
432
758
417
763
417
735
101
463
943
571
434
818
830
122
948
482
211
482
917
421
821
701
932
719
671
155
709
565
436
729
747
402
881
394
232
198
540
814
808
407
101
550
396
226
221
598
615
603
980
146
752
790
788
576
816
746
389
695
355
738
348
667
147
482
909
533
372
749
788
152
900
420
143
425
896
96
449
31
316
941
902
687
589
481
662
677
968
204
523
795
804
466
607
341
762
895
581
549
874
792
554
921
811
905
928
618
244
741
370
117
387
529
499
965
257
844
904
915
721
55
383
966
823
141
876
192
597
853
542
812
891
897
842
1043
564
997
822
498
1006
1027
810
954
472
588
252
430
1060
946
134
319
330
391
195
237
839
990
947
1295
284
1010
882
1084
533
835
907
508
909
765
648
726
1030
277
185
863
573
781
1078
812
269
966
666
530
624
389
114
253
871
807
627
513
385
605
622
880
197
427
701
710
383
564
304
678
799
506
456
782
699
482
847
739
867
834
566
198
689
281
54
335
433
440
876
195
755
834
820
643
103
287
877
764
63
782
195
508
758
450
479
136
496
616
238
174
398
216
234
584
279
419
496
690
553
195
139
771
730
688
506
775
690
131
482
371
493
781
179
205
301
450
341
69
383
50
598
509
480
458
771
777
485
354
592
375
326
739
300
282
583
284
346
971
921
717
617
495
692
708
993
234
538
816
814
468
638
372
763
907
578
559
882
801
583
949
840
936
939
649
275
772
376
144
417
546
530
989
252
868
933
925
720
36
398
990
854
167
887
222
621
872
564
625
661
374
277
345
352
370
676
174
377
544
669
462
319
104
713
730
601
450
753
666
240
605
495
622
776
314
83
437
352
205
90
354
186
681
383
560
587
764
707
350
273
678
511
189
729
195
326
620
296
518
276
360
689
310
306
297
774
677
457
791
885
411
628
968
756
990
764
862
806
389
55
133
366
810
362
701
278
823
828
564
630
448
344
942
323
39
807
1014
973
716
327
174
809
795
795
440
531
511
582
460
443
607
623
248
833
405
119
320
593
700
738
528
250
635
440
370
341
498
463
460
839
299
636
739
656
599
792
670
381
601
202
761
200
517
299
596
903
531
218
608
764
297
852
338
53
368
178
548
34
42
456
506
553
477
762
733
143
358
894
768
858
646
845
770
177
277
177
301
823
86
442
87
646
579
300
507
187
487
733
396
237
816
919
724
539
476
136
564
791
526
330
569
380
371
184
205
410
444
375
343
593
560
250
312
716
611
682
468
678
599
42
333
227
479
665
192
359
266
480
473
241
329
145
424
585
308
325
657
741
616
371
418
290
452
629
465
157
434
201
547
569
581
476
42
356
335
196
579
449
373
415
310
108
415
328
373
645
562
847
453
539
393
634
159
386
408
66
423
561
318
455
662
440
380
473
98
567
659
358
402
491
248
390
179
22
488
478
555
499
775
729
109
329
900
785
856
648
859
781
174
312
211
300
840
52
417
89
638
556
274
510
166
518
718
424
270
832
922
701
532
507
162
542
807
497
340
591
384
498
491
578
516
796
750
106
342
922
804
878
671
879
803
196
312
215
278
860
60
432
68
659
573
290
533
184
529
738
438
267
852
944
717
554
517
150
559
827
510
361
609
406
849
553
243
560
764
596
723
761
499
836
618
617
579
453
245
290
653
548
532
759
507
738
851
651
514
551
49
888
127
308
548
822
983
645
31
430
826
544
870
373
280
437
514
716
811
540
411
149
821
882
674
571
891
804
403
761
650
704
925
430
93
550
427
147
210
501
326
855
387
734
736
912
799
255
385
852
640
158
875
21
499
790
464
323
297
213
595
480
352
374
313
93
378
290
382
632
554
854
412
550
429
641
194
427
435
47
440
531
356
429
653
400
367
514
140
538
658
400
362
529
240
352
175
335
528
588
619
525
304
594
379
405
351
381
402
375
749
359
525
623
555
515
683
551
291
482
211
673
138
447
354
582
800
435
222
519
655
339
736
219
92
255
376
840
770
210
113
360
255
85
23
616
737
698
1055
127
785
726
848
439
718
718
315
699
518
593
473
779
113
284
786
430
533
833
691
75
826
436
280
408
745
564
296
484
138
152
430
358
556
842
759
1028
503
713
480
817
113
410
544
258
588
739
224
641
859
489
260
435
199
747
850
389
451
549
445
539
375
266
946
862
879
686
925
844
223
419
320
303
916
65
367
145
645
512
231
553
158
624
702
525
373
907
960
652
546
614
248
502
879
428
406
680
436
818
825
703
555
854
767
270
617
507
565
873
281
106
402
452
250
71
454
182
735
464
616
589
861
811
386
378
730
491
245
827
168
399
701
383
312
207
265
201
188
729
916
861
1194
298
899
750
981
399
700
782
392
792
721
516
662
951
287
81
730
442
735
985
677
262
832
565
484
515
473
352
124
135
640
701
679
1050
55
802
794
850
537
801
768
381
731
452
695
433
750
50
391
881
513
469
822
774
52
899
457
225
447
226
388
338
682
943
868
1156
477
844
617
944
251
538
682
361
721
805
325
720
966
464
145
543
334
816
969
519
430
681
553
584
487
326
242
475
717
643
947
380
643
493
734
185
466
517
139
530
591
344
498
740
366
274
531
185
600
751
441
328
584
330
387
268
87
702
808
775
1137
98
870
807
931
505
793
804
399
784
572
652
541
853
88
282
853
507
588
912
766
73
906
520
338
493
621
752
710
1065
144
790
720
856
425
707
717
312
701
538
576
490
793
131
261
772
421
552
844
681
94
819
442
300
410
366
257
474
694
170
320
261
470
440
199
338
103
467
565
351
352
685
749
584
362
461
301
420
656
425
183
471
214
110
410
755
364
684
296
784
806
551
585
435
292
908
268
63
752
963
949
677
275
200
785
740
782
397
476
469
379
734
261
574
217
692
697
440
507
325
327
809
260
101
729
902
841
584
313
148
677
712
671
314
460
383
1105
317
669
213
935
814
534
809
449
696
1003
640
346
1100
1220
951
831
680
231
805
1079
719
629
837
681
857
837
906
565
838
817
424
784
501
720
486
804
13
379
912
550
517
877
811
52
941
511
279
497
373
123
618
515
231
507
132
560
688
460
323
849
917
659
514
550
210
503
822
449
349
617
385
496
367
145
142
413
255
764
361
643
663
825
735
285
309
762
578
138
789
113
406
697
371
728
639
355
595
252
543
807
463
242
899
1007
782
622
530
105
626
876
569
417
647
467
301
436
225
489
719
163
611
793
552
372
347
108
725
770
279
513
437
388
546
316
284
427
391
849
240
728
791
825
671
145
288
849
716
27
787
148
481
744
428
405
116
663
473
544
525
806
781
427
349
658
436
272
772
231
332
635
322
401
494
383
388
605
412
411
525
149
501
611
399
376
518
192
330
128
567
556
453
409
774
803
536
388
561
324
376
744
347
276
572
290
872
121
353
501
784
978
630
17
470
824
499
876
368
237
427
760
909
706
469
217
242
877
865
230
668
388
524
708
454
318
484
717
858
517
121
408
702
472
755
247
207
309
801
994
936
685
336
141
772
787
756
413
526
483
368
898
537
518
872
798
38
928
502
276
487
686
433
797
1018
649
341
809
596
550
539
376
980
861
163
859
245
611
853
552
635
661
261
499
399
285
479
213
455
824
515
873
369
252
430
700
852
659
422
606
482
760
162
455
717
402
891
473
267
455
520
810
484
302
72
325
